5711
5667
5659
5399
5348
5245
5198
5159
5045
5118
5105
4923
5066
5011
4826
4896
4902
4897
4939
4877
4904
4962
4994
5013
5056
5026
5187
5118
5317
5353
5472
5539
5748
5802
5899
6191
6231
6454
6695
7088
7438
7673
7730
7993
8112
8734
8896
9350
9748
10127
10763
11378
11966
12632
13393
14300
14861
16104
17285
18640
19740
21738
23691
26197
29149
32822
37211
42642
49840
58441
68515
82088
97861
116253
137777
157909
176850
190107
196075
194575
185395
170398
151085
132762
113854
97286
81609
69879
58551
49634
41145
35177
29678
25425
21429
18355
15702
13446
11589
9936
8525
7323
6536
5544
4798
4290
3731
3288
2849
2552
2290
2007
1764
1558
1464
1305
1145
1017
945
831
791
723
618
536
514
465
413
380
333
314
279
230
204
218
179
175
175
148
149
133
143
105
117
90
92
86
81
75
59
47
58
45
49
42
35
41
42
36
31
29
29
31
18
19
15
19
18
13
9
17
22
20
14
16
12
6
19
10
8
9
8
11
